3
11
7
4
8
18
12
22
14
13
5
20
10
30
9
16
2
159
6
33
39
48
35
46
56
76
91
97
105
115
120
131
143
149
15
32
42
57
61
69
77
86
93
99
109
19
26
37
47
63
66
74
107
126
134
17
24
31
38
43
50
52
58
60
23
49
54
87
94
101
106
121
145
21
25
41
51
67
75
81
103
29
36
55
64
70
79
84
27
34
40
92
65
73
80
28
45
59
72
82
88
44
53
104
135
148
68
85
90
96
108
62
71
78
83
89
100
117
123
130
113
119
132
142
95
102
110
129
98
111
140
127
137
144
112
116
122
114
118
124
128
125
133
139
147
136
151
138
150
141
146
155
154
157
152
161
156
153
158
160